"","BC","AG","UB","PT","RC","AC","ZH","LT"
"P_00001",0.69353289037444,0.124402885096824,0.0112859791331177,0.138070557668106,0.0309349499979701,6.76617454023844e-05,0.00170507598414009,0
"P_00002",0.662857778089822,0.107994570432259,0.0134627536333638,0.136827447401063,0.0747033630555361,0.000988789814879824,0.00291956282618362,0.000245734746893211
"P_00003",0.659071386590714,0.105621863556219,0.0172363126723631,0.140422261404223,0.0726016094760161,0.00218703377187034,0.00265608752656088,0.00020344500203445
"P_00004",0.652811108523853,0.112130701933632,0.0157437284076167,0.14179572595553,0.0754824575993309,0.000667670945146436,0.00136860663489092,0
"P_00005",0.676587072944402,0.118571801139017,0.0130944510823088,0.151122944704905,0.0365358838906107,0.00194081720534453,0.00214702903341238,0
"P_00006",0.784361619790816,0.0976617696136559,0.0140308024397691,0.0742652645331705,0.0230627764799443,0.00190296308393629,0.00471480405870783,0
"P_00010",0.789525530499818,0.0934570643376125,0.0115762526823025,0.0718355105472524,0.0245767922799885,0.00157487231612895,0.00745397733689719,0
"P_00015",0.799951541164051,0.0861586565364624,0.0287926250266812,0.0500279792088518,0.0258216368702515,0.0050247197752433,0.00422284141845936,0
"P_00018",0.776143841550884,0.107465850043321,0.0367265688214416,0.0594255789918393,0.0155432128527476,0.00206940502815298,0.0021792004506386,0.000446342260974172
"P_00022",0.786693715231484,0.103426279251529,0.0362397131166383,0.0511068456622684,0.015757896188681,0.00195393315249874,0.00363201691876236,0.00118960047813894
"P_00026",0.833333333333333,0,0,0,0.166666666666667,0,0,0
"P_00030",NA,NA,NA,NA,NA,NA,NA,NA
"P_00036",0.699874695158922,0.189142941834301,0.0292310594322209,0.0538945553025506,0.0166332071302497,0.00666271439927781,0.00373893477411445,0.000821891968363896
"P_00037",0.701653138147297,0.188445236866388,0.0261264642862729,0.0548413331456545,0.0185254695882013,0.00585714509141525,0.00376139758207041,0.000789815292700856
"P_00042",0.717203686608935,0.169260187260978,0.0271587029466497,0.0405072750450569,0.0237519597931045,0.0145574164432136,0.00756077190206163,0
"P_00045",0.714405381202016,0.178015857842891,0.0280807582785788,0.0413073664510027,0.0175432418019178,0.0145497720938189,0.00562470442631033,0.000472917903464375
"P_01198",NA,NA,NA,NA,NA,NA,NA,NA
"P_00047",0.718321285875499,0.172641595754415,0.0320858876993931,0.0378076676731631,0.0169579406472077,0.0147192484826303,0.00627687803092689,0.00118949583676457
"P_00048",NA,NA,NA,NA,NA,NA,NA,NA
"P_00050",0.742516578427452,0.125936360326376,0.023511224386255,0.0576708428585924,0.0354250105946746,0.00804598387221927,0.00567635805821998,0.00121764147621122
"P_00051",0.936507936507937,0,0,0.0634920634920635,0,0,0,0
"P_00053",0.883233532934132,0,0,0.0159680638722555,0.100798403193613,0,0,0
"P_00054",NA,NA,NA,NA,NA,NA,NA,NA
"P_00055",0.958156028368794,0,0,0.0418439716312057,0,0,0,0
"P_00061",0.680973123058051,0.158139842366993,0.0253637826045439,0.0975032870815857,0.0302852231910033,0.00588369240261791,0.00181432212664997,3.67271685556674e-05
"P_00066",0.696725755890638,0.174995397446276,0.0301826646390211,0.0657269891228415,0.0254060965552723,0.00548775720709474,0.000945730217215316,0.000529608921640577
"P_00070",0.692799447337655,0.177324901689871,0.0337124030183866,0.0645392709108301,0.0249707726644702,0.00552662344563716,0.000175364013178871,0.000951216919970241
"P_00072",0.754102727779928,0.153925801571225,0.0229074203455087,0.0428040793554257,0.0215980658748549,0.00412408960910366,0,0.000537815463953798
"P_00073",0.751320943391012,0.152706834735723,0.0250093590378155,0.0419887892545683,0.0243636482408778,0.00408280173161043,0,0.000527623608392733
"P_00077",0.717312404779278,0.105168836292851,0.0197940261400936,0.130522207670898,0.0254056610724616,0.000819997480587451,0.000976866563830268,0
"P_00084",0.662029496418929,0.108960485508378,0.0146031816863384,0.139505566835494,0.0712644191079676,0.00121600214194873,0.0024208483009438,0
"P_00087",NA,NA,NA,NA,NA,NA,NA,NA
"P_00088",0.655459629483567,0.115231655920518,0.0152663413521617,0.142412205470795,0.0686985360847275,0.00153471156450302,0.00139692012372721,0
"P_00089",0.673705751198803,0.119721450169512,0.0130722946763996,0.153709416328151,0.0353135212730216,0.00085519684798876,0.00362236950612382,0
"P_00093",1,0,0,0,0,0,0,0
"P_00095",0.994227994227994,0,0,0.00577200577200577,0,0,0,0
"P_00098",0.669924812030075,0.119082188229194,0.0119458128078818,0.155930775213897,0.0382551205600207,0.00105003889032927,0.00357791029297381,0.000233341975628727
"P_00102",1,0,0,0,0,0,0,0
"P_00109",0.798735980484644,0.0952183566316953,0.0132309920623577,0.0631533308557979,0.0200585079519358,0.00210590511039326,0.00749692690317601,0
"P_00113",NA,NA,NA,NA,NA,NA,NA,NA
"P_00114",NA,NA,NA,NA,NA,NA,NA,NA
"P_00116",0.79389192432808,0.0984982471654613,0.0132883807598775,0.061791365315984,0.0236079967154092,0.00218709534788239,0.00673499036730569,0
"P_00119",0.802064243621623,0.078700139660047,0.0319514936812345,0.060339952992472,0.0197908505637497,0.00323602547944272,0.00391729400143066,0
"P_00123",0.805386838070527,0.0877904233989857,0.0271848095294256,0.0500599520383693,0.0213812556512167,0.0039460235090616,0.00418681448283996,6.38833195738491e-05
"P_00124",0.797076842046904,0.0854147031102733,0.0340134168653324,0.0526279314741919,0.0216222209901868,0.00569662360702999,0.00354826190608194,0
"P_00131",0.797991682960451,0.0850506693428847,0.0285155641686709,0.0545279416769044,0.0245127725964506,0.00469491691612018,0.00470645233851851,0
"P_00133",0.776083926764543,0.108075278260372,0.0373193455392428,0.0598928005498387,0.0145167910803948,0.0020475763187537,0.00167290326275798,0.000391378224097444
"P_00135",0.775,0.0861111111111111,0.0333333333333333,0.0944444444444444,0.0111111111111111,0,0,0
"P_00138",0.776143841550884,0.107465850043321,0.0367265688214416,0.0594255789918393,0.0155432128527476,0.00206940502815298,0.0021792004506386,0.000446342260974172
"P_00141",0.758344085376221,0.111616207079345,0.0395725187785679,0.06823296426321,0.0154729398585731,0.00298556725777898,0.00241545893719807,0.00136025844910533
"P_00143",0.761612078439169,0.113290590502698,0.0364749866083509,0.0643406614646322,0.020736347420796,0.00156834158921599,0.00197699397513847,0
"P_00145",0.776143841550884,0.107465850043321,0.0367265688214416,0.0594255789918393,0.0155432128527476,0.00206940502815298,0.0021792004506386,0.000446342260974172
"P_00147",0.741562100369086,0.128670537904727,0.0374448858162723,0.0568237243963222,0.0262655332820512,0.00683088287037823,0.00194370770130478,0.000458627659858432
"P_00149",0.734118527554291,0.134523841344437,0.0398291267042983,0.0567293509876486,0.0259979151125183,0.00665317240658708,0.00150413211091213,0.000643933779308099
"P_00151",0.745939096292989,0.117802319015666,0.0379630480742715,0.0644032408440902,0.0238204666920542,0.00836473940619542,0.00163486665003349,7.22230247002744e-05
"P_00152",0.73966436797228,0.130533002683697,0.0369263172198254,0.0572894171086922,0.0260556442572273,0.00690821560815106,0.00183199957293785,0.000791035577189058
"P_00153",0.740804282518066,0.129569952486569,0.037217236844021,0.0567952942775192,0.0263046780588895,0.00687949836687746,0.0018587992060064,0.000570258242051571
"P_00160",1,0,0,0,0,0,0,0
"P_00161",NA,NA,NA,NA,NA,NA,NA,NA
"P_00169",NA,NA,NA,NA,NA,NA,NA,NA
"P_00172",NA,NA,NA,NA,NA,NA,NA,NA
"P_00177",0.705156682057492,0.182837826461427,0.0254369548183213,0.0570777290653473,0.0186762163177288,0.00619086782238167,0.00369768360520914,0.000926039852092656
"P_00185",0.943877551020408,0.0187074829931973,0.0136054421768707,0.0204081632653061,0.00340136054421769,0,0,0
"P_00187",NA,NA,NA,NA,NA,NA,NA,NA
"P_00190",NA,NA,NA,NA,NA,NA,NA,NA
"P_00192",NA,NA,NA,NA,NA,NA,NA,NA
"P_00200",0.70623966804611,0.173432594055451,0.0329235685043214,0.0481732550786061,0.0165588630135466,0.0119545560449558,0.0100240755328237,0.000693419724185371
"P_00201",0.710489972859268,0.186033987234791,0.0277379346382924,0.0399912552455196,0.0147487749345476,0.0113521843223615,0.00878207965191611,0.000863811113303224
"P_00203",0.705046575342466,0.177342465753425,0.0330575342465753,0.0463068493150685,0.0169041095890411,0.0108438356164384,0.00941369863013699,0.00108493150684932
"P_00204",0.747572815533981,0.16747572815534,0.0266990291262136,0.0194174757281553,0.0242718446601942,0.0145631067961165,0,0
"P_00207",0.713373327830735,0.184673417415725,0.0285212437215014,0.0378823718884315,0.0154559272046463,0.0143612791528682,0.0053046392945937,0.000427793491499492
"P_00211",0.716629142821206,0.182177221558393,0.027857367461166,0.0371247091377901,0.0156920948368027,0.0145324193446953,0.00554682095465694,0.000440223885290233
"P_00212",0.714393163769184,0.179287548832915,0.0278570871559056,0.0401857474549027,0.0178301457252175,0.014325998857945,0.00566499550976155,0.000455312694168224
"P_00216",0.714297573258806,0.179679973033414,0.0276281730389481,0.040158076517688,0.0178452389636982,0.0142631103642753,0.0056750576687487,0.000452797154421438
"P_00219",0.71506105834464,0.174632765028612,0.0295793758480326,0.0412837000766916,0.0182408117515191,0.0139106837354728,0.00591115568403044,0.00138044953100112
"P_00221",0.714393163769184,0.179287548832915,0.0278570871559056,0.0401857474549027,0.0178301457252175,0.014325998857945,0.00566499550976155,0.000455312694168224
"P_00227",0.903985507246377,0,0,0.0507246376811594,0.0452898550724638,0,0,0
"P_00231",1,0,0,0,0,0,0,0
"P_00234",0.739311759213112,0.128728639272231,0.021362159932631,0.0557054553995451,0.0421170822806927,0.00680564387234262,0.00596926002944529,0
"P_00236",NA,NA,NA,NA,NA,NA,NA,NA
"P_00237",NA,NA,NA,NA,NA,NA,NA,NA
"P_00242",NA,NA,NA,NA,NA,NA,NA,NA
"P_00244",0.692069830469381,0.164513896897705,0.0225824587706147,0.0795179333410218,0.0328970130319456,0.00302733248760235,0.00358234344366278,0.00180919155806712
"P_00245",NA,NA,NA,NA,NA,NA,NA,NA
"P_00246",NA,NA,NA,NA,NA,NA,NA,NA
"P_00249",0.690980754324917,0.181434877495039,0.0320211532012907,0.0619588699968666,0.0274309964762989,0.00489250237753627,0.000148424229430876,0.00113242189862075
"P_00250",0.690646502835539,0.179049779458097,0.0260037807183365,0.0666540642722117,0.0292930056710775,0.00650283553875236,0.00130560806553245,0.000544423440453686
"P_00254",NA,NA,NA,NA,NA,NA,NA,NA
"P_00258",0.696428681591886,0.174494284286569,0.0282608561540312,0.0627587185450687,0.0291121982516641,0.00845172951997878,0.000493531650801681,0
"P_00260",0.754594119125408,0.153551143503393,0.023151545614476,0.0429982407640111,0.0210856999246042,0.0040789143000754,0,0.000540336768032169
"P_00262",0.754207087207841,0.154812767026891,0.0224428248303594,0.0421437547122393,0.0218220658456899,0.00403618999748681,0,0.000535310379492335
"P_00264",0.754469783409652,0.153196579993667,0.0230714712963754,0.0430089420800515,0.0214604894770969,0.00425238882717508,0,0.000540344915982649
"P_00267",0.754321015580035,0.152912554256172,0.0231350579695939,0.04303045382916,0.0216873889429251,0.00437065353711286,0,0.000542875885000792
"P_00270",0.752373749682788,0.151952643097093,0.0249950376759741,0.0410930680730354,0.0241030756358684,0.00495478631855859,0,0.000527639516682203
"P_00273",0.723153535469913,0.189699867503888,0.0209945529376372,0.0477626079331247,0.0159827435016098,0.00234268487048025,0,6.40077833464549e-05
"P_00274",1,0,0,0,0,0,0,0
"P_00275",0.729469898970131,0.187516817926074,0.0197595342351819,0.0428031507620049,0.0168179260745126,0.00340027887179236,0,0.000232393160302356
"P_00279",NA,NA,NA,NA,NA,NA,NA,NA
"P_00283",NA,NA,NA,NA,NA,NA,NA,NA
"P_00284",NA,NA,NA,NA,NA,NA,NA,NA
"P_00285",0.671170017612719,0.234379818019327,0.0185482311499485,0.0650050434046378,0.00632385451998808,0.003668880886803,0,0.000904154406576809
"P_00289",0.680704127583077,0.231262125553993,0.0177455814036274,0.0612106865065945,0.00461586838248818,0.00351233172549229,0,0.000949278844727646
"P_00290",0.691256625286804,0.210719188032904,0.0262857314617211,0.0498336790004709,0.0165394210826896,0.00513491037702766,9.51837045497811e-05,0.000135261053833899
"P_00293",0.69228514009933,0.210670201516511,0.027218009692438,0.0477555541077595,0.0167036689937205,0.00500659025644367,0.000223016282694438,0.000137819051103304
"P_00295",0.6931208419392,0.216322950938775,0.0215103426086415,0.0461706919635907,0.0171719478147153,0.00532439361072767,0.000155684023705487,0.000223147100644532
"P_00297",0.724098689265145,0.184594677342022,0.0194790565481864,0.0255850360177692,0.0273007180447002,0.0175091994061545,0.000802962295432358,0.000629661080590842
"P_00299",0.719407039039759,0.180262428663441,0.0218515800142798,0.0307764513213802,0.0273463049784555,0.0192902043608294,0.00101356580438679,5.24258174682824e-05
"P_00302",0.724965762644411,0.17927498741704,0.0180492315615746,0.0271908981306989,0.0294733885032716,0.0194304308639519,0.00132267390820877,0.000292626970842649
"P_00306",NA,NA,NA,NA,NA,NA,NA,NA
"P_00311",NA,NA,NA,NA,NA,NA,NA,NA
"P_00313",0.728318556922416,0.157202605556749,0.0324160710085795,0.0513646450082318,0.0205029092656788,0.00893742777965252,0.00125778445869252,0
"P_00314",0.714355377708934,0.183712691651249,0.0277813633951494,0.0371254822655365,0.0257877601365403,0.0112373248425914,0,0
"P_00315",NA,NA,NA,NA,NA,NA,NA,NA
"P_00317",NA,NA,NA,NA,NA,NA,NA,NA
"P_00318",NA,NA,NA,NA,NA,NA,NA,NA
"P_00323",0.70798332798974,0.189330899943276,0.0414087355414704,0.0391298986361506,0.01752534096234,0.00436530446148914,0,0.000256492465533825
"P_00324",0.699667996980894,0.198792357517426,0.0357655555500742,0.0372652422931394,0.0223127734831705,0.00387747953963564,0.00167728122579659,0.0006413134098634
"P_00325",0.7089731221858,0.190671860306321,0.0399194224465348,0.0383982659788253,0.0166258027988307,0.0042645840268851,0.000848056880560058,0.00029888537624323
"P_00331",0.71520430444801,0.208295231086608,0.0195582150052479,0.0384311927712297,0.0145854194062082,0.00307632915515557,0.000849308127540988,0
"P_00332",0.707849910028993,0.213224049515411,0.0177385196513081,0.0417774218603013,0.0151045159173907,0.00363260954512782,0.000672973481467902,0
"P_00333",0.711056767042412,0.211903280420218,0.0178394856285663,0.0405627022829332,0.0143834922656171,0.00359346134737918,0.000660811012873756,0
"P_00336",1,0,0,0,0,0,0,0
"P_00338",0.730701251004247,0.199391713531505,0.0153965339148399,0.0342075060254792,0.0134339492712039,0.00561230345460806,0.00125674279811775,0
"P_00339",0.729041680857195,0.205404626548951,0.0156728930339787,0.0301603311414425,0.0144219433601425,0.00487935867543423,0.000419166382856095,0
"P_00341",NA,NA,NA,NA,NA,NA,NA,NA
"P_00343",NA,NA,NA,NA,NA,NA,NA,NA
"P_00346",NA,NA,NA,NA,NA,NA,NA,NA
"P_00349",0.733509433151865,0.192158189178451,0.0237305243264719,0.0325677286344748,0.0139645008536546,0.00367232548400606,0.000397298371076679,0
"P_00350",NA,NA,NA,NA,NA,NA,NA,NA
"P_00351",NA,NA,NA,NA,NA,NA,NA,NA
"P_00353",0.742830073008973,0.180047929554701,0.0235189210276988,0.0358914339853982,0.0141670846569693,0.00323245834029984,0.000312099425959984,0
"P_00356",0.72826947394393,0.200254957798316,0.0184381778741865,0.0339823791263583,0.0124497537806746,0.00549495738709379,0.00111030008944084,0
"P_00358",0.718393756019983,0.199848065677279,0.0224280619380856,0.038127941952569,0.0156217829327111,0.00501951243755192,0.000560879041819804,0
"P_01685",0.561183194104538,0.363407664647735,0.0456652219685265,0.0250201665276657,0.00241314720881585,0.00103908888311617,0,0.00127151665960269
"P_00362",0.71176293743209,0.202756860786342,0.0231229745500512,0.0407705764409841,0.015135984774061,0.00503270310129084,0.00141796291518025,0
"P_00366",0.711862641602325,0.202981873955587,0.0229546067798696,0.0409339007683095,0.0151010921071941,0.0050557888308725,0.00111009595584232,0
"P_00368",0.695338619118263,0.194651277792369,0.0391867367967765,0.0383491504650497,0.0233743372065786,0.00909987862096379,0,0
"P_00371",0.690141245077249,0.195811875189337,0.0391027340199939,0.0415925098455014,0.0237664722811269,0.00951416237503787,0,7.10012117540139e-05
"P_00374",NA,NA,NA,NA,NA,NA,NA,NA
"P_00375",NA,NA,NA,NA,NA,NA,NA,NA
"P_00378",NA,NA,NA,NA,NA,NA,NA,NA
"P_00379",0.896296296296296,0,0.0251851851851852,0.0785185185185185,0,0,0,0
"P_00387",NA,NA,NA,NA,NA,NA,NA,NA
"P_00391",NA,NA,NA,NA,NA,NA,NA,NA
"P_00399",0.616768207246572,0.284881005511214,0.0392998370507219,0.0388535428494328,0.00773230651070587,0.0104567769255519,0.00162949278145077,0.000378831124350019
"P_00404",0.651198334397994,0.268888257979038,0.0335084108169494,0.0312442330896444,0.0072089336834883,0.00712376085362103,0.000657723519530603,0.000170345659734545
"P_00407",0.647590760638046,0.26862545557817,0.0350002366639845,0.0321508022909074,0.00793771003928622,0.00772944573294836,0.000688692194821792,0.000276896861835566
"P_00412",0.644127364793752,0.272879283472519,0.033901191295525,0.0338255084350913,0.00744057121638912,0.00702431548400372,0.00065276467124075,0.000149000631478867
"P_00414",0.614777413308341,0.278915182755389,0.0415674789128397,0.0322328959700094,0.00773664479850047,0.0239667291471415,0.000541237113402062,0.000262417994376757
"P_00422",0.72001499469914,0.196407129510857,0.0229899195792113,0.040585261850791,0.0149888418352106,0.00473270191592425,0.000281150608866787,0
"P_00424",0.980072463768116,0.017512077294686,0.00241545893719807,0,0,0,0,0
"P_00427",1,0,0,0,0,0,0,0
"P_00428",0.738297252361118,0.173360072676163,0.0250852745067791,0.0402889905898082,0.0157693560274935,0.00569068065339984,0,0.00150837318523851
"P_00429",NA,NA,NA,NA,NA,NA,NA,NA
"P_00433",1,0,0,0,0,0,0,0
"P_00434",NA,NA,NA,NA,NA,NA,NA,NA
"P_00435",NA,NA,NA,NA,NA,NA,NA,NA
"P_00439",NA,NA,NA,NA,NA,NA,NA,NA
"P_00440",NA,NA,NA,NA,NA,NA,NA,NA
"P_00443",NA,NA,NA,NA,NA,NA,NA,NA
"P_00445",NA,NA,NA,NA,NA,NA,NA,NA
"P_00448",0.943877551020408,0.0272108843537415,0,0.0187074829931973,0.00510204081632653,0.00510204081632653,0,0
"P_00450",NA,NA,NA,NA,NA,NA,NA,NA
"P_00452",0.67508100083439,0.234821147990421,0.0253838735194998,0.053000010836232,0.00753118125765309,0.00392813410920755,0.000184215944431802,7.04355081651008e-05
"P_00453",0.678750035803283,0.235327814854066,0.0227766161601696,0.0551886116919199,0.00332827313608112,0.00454844900180448,0,8.01993526766534e-05
"P_00458",0.674538612484165,0.236692416602499,0.0239511661988624,0.0561427258501205,0.00437169328597332,0.00430338557837999,0,0
"P_00460",NA,NA,NA,NA,NA,NA,NA,NA
"P_00464",0.692825719293046,0.215253968821693,0.0241629324572205,0.0455871607915672,0.0174285816476167,0.00432265613423738,0.000418980854618753,0
"P_00466",0.693874329017998,0.20994030703535,0.0265686318733366,0.046812115015462,0.017619699179535,0.00483407761589006,0.000223034166829557,0.000127806095598959
"P_00468",0.696028837290963,0.203830707106176,0.0232739323179564,0.0522429004081991,0.0183799324057411,0.00590352455778431,0.000181056050564017,0.000159109862616863
"P_00473",0.674521674042363,0.231973316174443,0.0261388556946068,0.0462436474898557,0.0135717193470867,0.0073538101929062,0.000196977058738559,0
"P_00475",0.692761060882465,0.210447447026041,0.0268653649539923,0.0475738227452238,0.0169747208467815,0.005016739169657,0.000228033598620773,0.000132810777218692
"P_00478",0.691712291867647,0.210596740042848,0.0274202237618552,0.0481626721124572,0.0167583346906048,0.00500394652768207,0.000205470012653946,0.000140320984251475
"P_00480",0.695699992362331,0.211385218564627,0.0255301815219328,0.0434990707502737,0.0172611319025433,0.00594719824842791,0.000677206649863795,0
"P_00481",0.716326433808752,0.180907182212858,0.0210056446116552,0.0335206548847985,0.0269872852688368,0.0204364400749952,0.00076393240446476,5.24267336397385e-05
"P_00484",0.722330955079461,0.179679659688347,0.0224378017544823,0.0291306974491605,0.0266892009965699,0.0187231323051421,0.000948638703460534,5.99140233764548e-05
"P_00486",0.721094243438708,0.179849164563409,0.0223906493013688,0.0293981810874032,0.0275208515886152,0.0188157346175066,0.000878749978156073,5.24254248331748e-05
"P_00488",0.721797829104381,0.179366006610547,0.0227200103851492,0.028863724873431,0.027465724014659,0.0188180901311125,0.000913693418411671,5.49214623088983e-05
"P_00492",0.729953236524735,0.177187862592736,0.0220807988467353,0.0311592419394536,0.0208994057874196,0.0168840758060546,0.00183537850286558,0
"P_00496",0.721797829104381,0.179366006610547,0.0227200103851492,0.028863724873431,0.027465724014659,0.0188180901311125,0.000913693418411671,5.49214623088983e-05
"P_00499",0.733210003746722,0.181493536905208,0.0206186774072686,0.0266251405020607,0.0212509366804046,0.0151859310603222,0.00161577369801424,0
"P_00500",0.714628632912675,0.209124530468579,0.019637691823338,0.0391740589468504,0.0133362604913283,0.0032809902800663,0.000817835077163584,0
"P_00505",0.972818311874106,0,0.0271816881258941,0,0,0,0,0
"P_00507",0.855457227138643,0,0,0,0.144542772861357,0,0,0
"P_00509",0.820058997050148,0,0,0,0.179941002949853,0,0,0
"P_00512",NA,NA,NA,NA,NA,NA,NA,NA
"P_00516",0.876651982378855,0,0.066079295154185,0,0,0.0572687224669604,0,0
"P_00518",NA,NA,NA,NA,NA,NA,NA,NA
"P_00520",NA,NA,NA,NA,NA,NA,NA,NA
"P_00521",NA,NA,NA,NA,NA,NA,NA,NA
"P_00522",0.717793407706077,0.174112981479138,0.0302372815978689,0.0408929550810325,0.0255362491788261,0.0109268868919546,0.000120539292795969,0.000379698772307303
"P_00524",NA,NA,NA,NA,NA,NA,NA,NA
"P_00534",NA,NA,NA,NA,NA,NA,NA,NA
"P_00535",NA,NA,NA,NA,NA,NA,NA,NA
"P_00539",0.708411733132001,0.193574264024962,0.0340928528875703,0.0393365460047069,0.0185151323899798,0.00457717194476722,0.00067241958982405,0.000819880026188973
"P_00541",0.704868575772333,0.199012982076895,0.0359531077405485,0.034177425676719,0.0193246469421448,0.00539237228748233,0.000255365647975485,0.00101552385590251
"P_00543",0.706802434738453,0.201086411834272,0.0354587183547475,0.0317705305778829,0.017345172950617,0.00399553675827003,0.00252560684720079,0.00101558793855693
"P_00546",0.701832369268993,0.192447299972825,0.0406144454365465,0.0405974610815637,0.0185323576225785,0.00495700531852945,0.00101906129896347,0
"P_00551",0.700834895020928,0.203174620986837,0.0376432170390403,0.032026752550133,0.020333733574226,0.00575673582978914,0,0.000230044999046155
"P_00553",0.700825680057472,0.19282857309283,0.0406966584470808,0.0385681416616508,0.0208992680038056,0.00526425645108052,0.000917422286080422,0
"P_00557",0.709423162351045,0.190589703194296,0.038851519469454,0.0381718302816098,0.017528698662226,0.00448352117838685,0.000781642566020881,0.000169922296961061
"P_00559",NA,NA,NA,NA,NA,NA,NA,NA
"P_00562",0.702949809110137,0.219657194124017,0.0185391077014352,0.0417738889679406,0.0124205027530105,0.00404208982797001,0.000617407515489452,0
"P_00565",0.703914980450424,0.215679700521242,0.0183676767481855,0.0435155950379534,0.0140139464093182,0.00383272992158461,0.000675370911292443,0
"P_00569",0.71456897092381,0.209103013754143,0.0192972892132978,0.0402107263982092,0.0126035420174351,0.00351451879797186,0.000701938895133706,0
"P_00571",0.710624831152792,0.212204758596735,0.0177699625641619,0.0407162980973332,0.0144291999536876,0.00359162131913087,0.00066332831615916,0
"P_00573",0.709046307329381,0.212893593003005,0.0178253549392394,0.0412612343153761,0.0146751636603968,0.00362296117980211,0.000675385572799329,0
"P_00575",0.71456897092381,0.209103013754143,0.0192972892132978,0.0402107263982092,0.0126035420174351,0.00351451879797186,0.000701938895133706,0
"P_00577",0.704247904985832,0.218556701030928,0.0183372520648701,0.0418665219750407,0.0121733887984566,0.00418641104479412,0.000631820100078375,0
"P_00583",0.729260595130748,0.198223433033402,0.0165258139401032,0.035963010571149,0.0133746138940583,0.00555416994417052,0.00109836348636878,0
"P_00589",1,0,0,0,0,0,0,0
"P_00593",0.732235965471294,0.195049533630728,0.0163663750651758,0.0353832338798447,0.0145631771044551,0.00594548403916343,0.000456230809338972,0
"P_00598",0.72873897849313,0.20882387256999,0.0138730700209457,0.0286184155698404,0.0143842123685336,0.00400024445938363,0.00156120651817611,0
"P_00599",0.734929615975938,0.195230819783799,0.0161179295176374,0.0331688760862213,0.0136738565744123,0.00647355532263442,0.00040534673935725,0
"P_00603",0.891851851851852,0,0,0.00888888888888889,0.0548148148148148,0.0444444444444444,0,0
"P_00607",NA,NA,NA,NA,NA,NA,NA,NA
"P_00611",NA,NA,NA,NA,NA,NA,NA,NA
"P_00615",0.895569620253165,0.0981012658227848,0,0.00632911392405063,0,0,0,0
"P_01879",0.455250986558786,0.443439990209458,0.074791431428103,0.0198004484253159,0.00151014498777337,0.00501303481415288,0.000193963576411258,0
"P_00618",0.650793650793651,0.222222222222222,0,0.126984126984127,0,0,0,0
"P_00620",0.394990366088632,0.605009633911368,0,0,0,0,0,0
"P_00622",0.736268718978036,0.181116881389542,0.0263592230074906,0.0383538786145689,0.0144250243339157,0.00307725791532402,0.000399015761122564,0
"P_00625",0.730127005726597,0.189211600612349,0.0236080399160855,0.0392356976810115,0.0135227079435278,0.00412485116516414,0.000170096955264501,0
"P_00628",0.730088228184675,0.186747643219724,0.0271150592216582,0.0343062605752961,0.0146241237611796,0.00711868503746676,0,0
"P_00629",0.737804492612876,0.189450577235819,0.0230032352789063,0.0300656824829473,0.0139754854354984,0.00542469500456847,0.000275831949384837,0
"P_00630",0.741202550729817,0.1848776565449,0.0236701919748054,0.0318729548931798,0.0147191851959394,0.003322426096959,0.000335034564399227,0
"P_00632",NA,NA,NA,NA,NA,NA,NA,NA
"P_00635",0.739700374531835,0.205992509363296,0.00561797752808989,0.0299625468164794,0.0187265917602996,0,0,0
"P_00645",0.711167206907432,0.202341680770297,0.0236940994234245,0.0385100829006626,0.0152988535421627,0.00668846753296425,0.00229960892305633,0
"P_00649",0.716370622356431,0.202511290724888,0.0186913903910757,0.0429870136762388,0.0125829888180694,0.00633660423820113,0.000520089795095235,0
"P_00653",0.689323651373715,0.19609281805616,0.0390031810349724,0.0402552401870752,0.0255287523905099,0.00967801488269933,0,0.00011834207486793
"P_00656",0.692660921960543,0.204072046389582,0.0334396967831805,0.035666850238103,0.0232676795490622,0.0108928050795296,0,0
"P_00661",0.695062309681602,0.195063492701947,0.0389781543462984,0.0382091911216689,0.0236201842199282,0.00906666792855504,0,0
"P_00665",0.691379995834832,0.195433934758326,0.0393300706185274,0.0411144663852023,0.0232350101289309,0.00947102368465893,0,3.54985895227096e-05
"P_00668",0,0,0,0,0,0,0,0
"P_00672",0.523809523809524,0.365079365079365,0.111111111111111,0,0,0,0,0
"P_00678",0.568888888888889,0.431111111111111,0,0,0,0,0,0
"P_00679",0.445636623748212,0.506437768240343,0,0.0479256080114449,0,0,0,0
"P_00683",NA,NA,NA,NA,NA,NA,NA,NA
"P_00684",NA,NA,NA,NA,NA,NA,NA,NA
"P_00688",NA,NA,NA,NA,NA,NA,NA,NA
"P_00691",NA,NA,NA,NA,NA,NA,NA,NA
"P_00692",NA,NA,NA,NA,NA,NA,NA,NA
"P_00701",0.612884695894305,0.296131865136159,0.0403559501903399,0.0325865778738402,0.00496538832257499,0.0112110679479316,0.00149448452453973,0.000369970110309509
"P_00704",0.608953997650993,0.294424290813995,0.0391404717685245,0.0334935980883944,0.00946545629169343,0.013312967559405,0.00120921782699506,0
"P_00709",0.609450934802081,0.302243143831831,0.036189037754188,0.0334279887938099,0.0088000991023613,0.00814259305139982,0.00158659068818967,0.000159611976139201
"P_00721",0.652327823854427,0.264019592763929,0.0348315803173176,0.0326285775132807,0.00754605364347322,0.00751292578175838,0.00061759799339809,0.000515848132416796
"P_00724",0.653561845449082,0.263666005707282,0.0345489307128423,0.0320360230752121,0.00744644099399458,0.00751032847630721,0.000624677604834626,0.000605747980445698
"P_00726",0.62888867682744,0.266768001744963,0.0399501049704174,0.0332906180985359,0.00806363661150039,0.0230253292254001,1.36325217438722e-05,0
"P_00730",0.608967000635246,0.287164684773039,0.0427620947519754,0.0302689208617058,0.00751707920516221,0.0226515396360151,0.000557233447380446,0.000111446689476089
"P_00733",0.703065134099617,0.220306513409962,0.0402298850574713,0.0210727969348659,0.00574712643678161,0.00957854406130268,0,0
"P_00741",0.620784583620096,0.274759867141447,0.0430114605463958,0.0303360363864867,0.00746282055118346,0.0231784314312218,0.000466800323169454,0
"P_00744",0.565533980582524,0.313106796116505,0.0655339805825243,0.0436893203883495,0,0.0121359223300971,0,0
"P_00746",0.694017546799574,0.207831732354547,0.0230227416468909,0.0483753263672287,0.0208118232778892,0.00555162143023174,0.000194604061819224,0.000194604061819224
"P_00747",0.72286282838976,0.172779411863237,0.0236514328212206,0.0351923940208106,0.0237385344151798,0.0209646836537109,0.000737013487346818,7.37013487346818e-05
"P_00749",0.717641270523124,0.176515102322166,0.0242106682783802,0.0335387935125199,0.0264883791789252,0.0210038910894551,0.000531965374798328,6.99297206307661e-05
"P_00751",0.712180771094207,0.178238740516161,0.0265048024814069,0.0342991573805373,0.0269793066245773,0.0210255283229026,0.000706761434301155,6.49321459075266e-05
"P_00753",0.743120579560748,0.171567925626855,0.0200727314377344,0.0292834712558104,0.0194523189111283,0.0149662591033607,0.00153671410436293,0
"P_00754",0.739876955528212,0.168472490771665,0.0202074178238706,0.0245667076814906,0.0266690103708912,0.0189629108806469,0.00124450694322377,0
"P_00755",0.717920164468049,0.173895736125528,0.0220751997903839,0.0371665541323605,0.0277388666619637,0.020654244222959,0.000549234598756412,0
"P_00757",0.696049175229765,0.191314934527866,0.0289810961206355,0.0467932218641859,0.0280084428946689,0.0078738594483005,0.00097926991457855,0
"P_00758",0.74302496328928,0,0.0146842878120411,0.165932452276065,0.0176211453744493,0.0587371512481645,0,0
"P_00764",0.556159420289855,0,0.036231884057971,0.407608695652174,0,0,0,0
"P_00766",NA,NA,NA,NA,NA,NA,NA,NA
"P_00767",NA,NA,NA,NA,NA,NA,NA,NA
"P_00768",NA,NA,NA,NA,NA,NA,NA,NA
"P_00772",NA,NA,NA,NA,NA,NA,NA,NA
"P_00776",NA,NA,NA,NA,NA,NA,NA,NA
"P_00777",NA,NA,NA,NA,NA,NA,NA,NA
"P_00779",0.715477601327329,0.176880100226865,0.0306640029797176,0.0405173873294281,0.0249077303355568,0.0106728066908204,0.000270883418548742,0.00060948769173467
"P_00781",0.767253044654939,0.146143437077131,0.0081190798376184,0.074424898511502,0.0013531799729364,0.0027063599458728,0,0
"P_00785",0.712868313343786,0.189741187969619,0.0410159033985624,0.0329776619356941,0.017720784377609,0.0048463621739396,0.000621067421450243,0.000208719379339836
"P_00789",0.709555779480144,0.190515849409365,0.0396047056538261,0.0378686156199541,0.0170403914093895,0.00435115152545254,0.000830409498719178,0.000233097403149243
"P_00790",0.703089655841949,0.192580457259356,0.0403208582107665,0.0378768020969856,0.0201664967720014,0.00508227755934178,0.000883452259599049,0
"P_00791",0.704589575652992,0.192470978115931,0.039576633461448,0.0404541532669229,0.0171827202133501,0.00379441524825477,0.00109322299788219,0.000838301043219076
"P_00794",0.704994344068749,0.218031928877569,0.0180772728040153,0.0416151120694437,0.0126046467876964,0.0040230675166241,0.000653627875902356,0
"P_00796",NA,NA,NA,NA,NA,NA,NA,NA
"P_00797",0.714336716970937,0.20894525068509,0.0196842795939635,0.0401718514801806,0.0125897371569725,0.00341580145895249,0.000856362653904049,0
"P_00799",0.714944070724716,0.207797284124579,0.0193991101502707,0.0388247613716426,0.0152176850395221,0.0029870769111984,0.000830011678071285,0
"P_00800",0.714739599918942,0.209010026150981,0.0196301228420616,0.0393929305503286,0.0131092647810941,0.00330264694245819,0.000815408814135039,0
"P_00804",0.71643853864855,0.211048944838534,0.0208534541135201,0.0352183035268259,0.0136543777267126,0.00234788690178839,0.000438494244069227,0
"P_00805",0.704910757356488,0.218039073806078,0.0179160636758321,0.0417390255668114,0.0127134587554269,0.00402074288470815,0.000660877954655089,0
"P_00809",0.71456897092381,0.209103013754143,0.0192972892132978,0.0402107263982092,0.0126035420174351,0.00351451879797186,0.000701938895133706,0
"P_00812",0.733788639293453,0.203741188732549,0.013187416001536,0.0295345456540223,0.0141967689733673,0.00388930030993719,0.00166214103513536,0
"P_00818",0.726765097690941,0.198440275310835,0.0167129218472469,0.0361845026642984,0.0141929396092362,0.00706039076376554,0.000643872113676732,0
"P_00820",NA,NA,NA,NA,NA,NA,NA,NA
"P_00821",0.730315928301661,0.198793837299922,0.0164618428151789,0.0334248546250225,0.0138145195132186,0.00627060727774114,0.00091841016725616,0
"P_00822",0.755689424364123,0.208835341365462,0,0.035475234270415,0,0,0,0
"P_00825",NA,NA,NA,NA,NA,NA,NA,NA
"P_00830",NA,NA,NA,NA,NA,NA,NA,NA
"P_00832",NA,NA,NA,NA,NA,NA,NA,NA
"P_00834",NA,NA,NA,NA,NA,NA,NA,NA
"P_00838",0.733436446873007,0.19346207472721,0.0229013666307275,0.0311485681706567,0.013242939639065,0.00552071396718054,0.000287889992153586,0
"P_00839",0.733380356198201,0.189945656530033,0.0221007464879798,0.0353259272321166,0.014010676327728,0.00483053066371705,0.000406106560224,0
"P_00841",0.880294659300184,0.0791896869244936,0.0165745856353591,0.0110497237569061,0.0128913443830571,0,0,0
"P_00842",0.734806935291256,0.17979565659693,0.0253217745145738,0.0392542792693175,0.0179408642575965,0.00244371710380822,0.000436772966517758,0
"P_00845",0.727513159363542,0.190010046626652,0.0261727504572503,0.0371639317516336,0.0147693998643276,0.00358072078106082,0.000789991155533802,0
"P_00849",0.733386162755257,0.182743066138372,0.0244315757391039,0.0389393477598293,0.0168241389820177,0.00327339225845779,0.000402316366961292,0
"P_00851",0.742520499855912,0.180496974142674,0.0254119619606508,0.03686699326714,0.0119200440124702,0.00245605302454743,0.000327473736606324,0
"P_00852",0.731578004886098,0.188575229275655,0.0231066371624819,0.0374899272201686,0.0153809749171794,0.00386922653841726,0,0
"P_00855",NA,NA,NA,NA,NA,NA,NA,NA
"P_00856",0.741002533804561,0.173979713163484,0.0265926478667662,0.0415248747447745,0.0133578240440833,0.00331280596305073,0.000229600413280744,0
"P_00860",0.715483823665059,0.204759122913656,0.0194248466801795,0.0380006102046078,0.0146732921957669,0.00716635643990549,0.000491947900825195,0
"P_00861",0.716290958145479,0.2008472670903,0.0228336114168057,0.0388322860828097,0.0156673411670039,0.00498656915995125,0.000541966937650135,0
"P_00863",0.722662489321978,0.200488881842512,0.0213110836092069,0.0350925349683031,0.0141434984157483,0.0055703187670523,0.000731193075199303,0
"P_00865",0.712003411271409,0.202567929310876,0.0231397910596262,0.0403809253073698,0.0149930116314879,0.00494634354345818,0.00196858787577287,0
"P_00866",0.717202035257234,0.199095441229378,0.0229069229583183,0.0417124942180192,0.012622706480958,0.00571002723955389,0.000750372616539035,0
"P_00867",0.707524805475367,0.202616284627297,0.0248484906417879,0.0410795878180741,0.0161833024260615,0.00547249890072075,0.00227503011069264,0
"P_00873",0.692643236523901,0.196383772177647,0.0298790823821901,0.0406825630014691,0.0310543564244547,0.00935698949033789,0,0
"P_00874",0.684425016398334,0.200490647621709,0.0390978903573061,0.0389913307869543,0.025808727939209,0.0109803717271412,0,0.000206015169346837
"P_00876",0.690934186311454,0.190693190780826,0.04155347179622,0.0432112289311483,0.0273858557532206,0.00622206642713171,0,0
"P_00878",0.702375078346913,0.201781642151306,0.0341392508034726,0.0290316988277968,0.0249643271500393,0.00770800272047155,0,0
"P_00879",0.693142317730024,0.199733466600033,0.034005219612416,0.0349047698373036,0.0288744516630574,0.00933977455716586,0,0
"P_00883",NA,NA,NA,NA,NA,NA,NA,NA
"P_00884",0.385106382978723,0.260283687943262,0.0205673758865248,0.285106382978723,0.048936170212766,0,0,0
"P_00885",0.677066515551659,0.229559378575171,0.0316913832369262,0.0410469703935762,0.0105424102130935,0.00930212665861195,0.000299378789012798,0.000491836581949597
"P_00893",NA,NA,NA,NA,NA,NA,NA,NA
"P_00894",0.72962962962963,0.248148148148148,0.0148148148148148,0.00740740740740741,0,0,0,0
"P_00903",NA,NA,NA,NA,NA,NA,NA,NA
"P_00909",NA,NA,NA,NA,NA,NA,NA,NA
"P_00911",0.616717136186136,0.28996523210881,0.0368682388686671,0.0367968678310342,0.00816688587771082,0.00909980729819839,0.00238583182944361,0
"P_00913",0.606736706338703,0.302834152280942,0.0346364305755413,0.0364122875829575,0.00851833849085843,0.0098658722634236,0.000996212467574969,0
"P_00914",0.605334058382974,0.292166992115085,0.0446745927775169,0.0379810663173246,0.00783053612477445,0.0101342165756235,0.00150777368564155,0.000370764021059396
"P_00916",0.60861215289526,0.30235461749975,0.0363462207459863,0.0335608049827728,0.00883755950877561,0.00851827318519083,0.00160119708544007,0.000169174096824769
"P_00920",0.652506536991682,0.263677989564477,0.0348347708799205,0.0328849134514133,0.00756752919461896,0.0074989055715283,0.000624711603308132,0.000404642743051858
"P_00921",0.654067112442444,0.264290142298064,0.0341501157029487,0.031720117169939,0.00703445534434049,0.00751004415167734,0.000622287842435772,0.000605725048150409
"P_00922",0.654259157182027,0.267732983834909,0.0337661846080326,0.0300472437964424,0.00637093359135654,0.00696946541408703,0.000612726253309077,0.000241305319836007
"P_00925",0.640033895113455,0.286558076766155,0.0339076672002009,0.0216928726108653,0.0096224460973543,0.00804067413614537,0.000144368075824624,0
"P_00926",NA,NA,NA,NA,NA,NA,NA,NA
"P_00927",0.989177489177489,0,0,0,0.0108225108225108,0,0,0
"P_00928",0.857142857142857,0.0151515151515152,0,0.038961038961039,0,0.0887445887445888,0,0
"P_00931",0.86231884057971,0.114492753623188,0,0.0231884057971014,0,0,0,0
"P_00932",0.628538598737766,0.268721988475258,0.0458874508369158,0.0272912283911095,0.00808332571114973,0.0214774078478002,0,0
"P_00933",0.591140101644724,0.2972908079555,0.040417783824883,0.034455160270519,0.00857710726052797,0.0264916563287847,0.000146731228407166,0.00148065148665413
"P_00937",0.655358503243635,0.265807691033752,0.033990735176519,0.030463193856258,0.00636424289168484,0.007092936873335,0.000608033614558738,0.000314663310258024
"P_00938",0.605231136635014,0.284084835389777,0.045255017910957,0.0337749474043327,0.00735202137942799,0.0234832546767499,0.000557229771990675,0.000261556831750725
"P_00944",NA,NA,NA,NA,NA,NA,NA,NA
"P_00945",NA,NA,NA,NA,NA,NA,NA,NA
"P_00961",0.615580142686598,0.266146490812194,0.0505286487042252,0.0239105724028812,0.00349005249358824,0.0388532521462966,0.000274177609970926,0.00121666314424598
"P_00964",0.610408497988263,0.270854155454755,0.0495438353706978,0.0254029881345942,0.0033123190077138,0.0390687065938853,0,0.00140949745009098
"P_00966",0.618704284221526,0.265698968697469,0.0524078869656081,0.0230634682658671,0.0026918359002317,0.0363204761255736,0.00029757848348553,0.000815501340238971
"P_00970",0.669111844262388,0.239879158177514,0.0437621966800157,0.0236143553934482,0.00367907270182326,0.0194287600824004,0.000524612702411183,0
"P_00973",NA,NA,NA,NA,NA,NA,NA,NA
"P_00974",NA,NA,NA,NA,NA,NA,NA,NA
"P_00978",NA,NA,NA,NA,NA,NA,NA,NA
"P_00979",NA,NA,NA,NA,NA,NA,NA,NA
"P_00980",0.987261146496815,0.00424628450106157,0,0.00849256900212314,0,0,0,0
"P_00981",NA,NA,NA,NA,NA,NA,NA,NA
"P_00982",NA,NA,NA,NA,NA,NA,NA,NA
"P_00983",NA,NA,NA,NA,NA,NA,NA,NA
"P_00985",0.656414177889177,0.257303482164351,0.0503632269850036,0.0223388136001246,0.00324992565529547,0.00949488083605931,0.000835492869988813,0
"P_00986",0.664380778535573,0.24631955340789,0.0503291303831415,0.0240737152037608,0.00331943463339314,0.0103271299705564,0.0012502578656848,0
"P_00992",0.697963869558181,0.236086947726169,0.0328228677779576,0.0234412930894967,0.00379308949668231,0.00560365754976533,0.000288274801747856,0
"P_00993",0.688770336167091,0.246342726448884,0.033864842704872,0.0227419842057567,0.00243818236741035,0.00584192810598541,0,0
"P_00994",0.6782926193167,0.253423744530412,0.0375264423773508,0.0211712886493379,0.00614332492972848,0.00344258019647049,0,0
"P_00995",0.692564706102566,0.241112416178046,0.0340856446276738,0.0213947785883751,0.00481990856212301,0.00564818411114803,0.000374361830067806,0
"P_00999",0.680922937439164,0.248050367145379,0.0371931730058978,0.0226937494390994,0.00608649029268079,0.00498424876141648,6.90339163631092e-05,0
"P_01000",0.677777905572488,0.251970786129162,0.0364138248317902,0.0237414457415608,0.00495025590890793,0.00510897693944448,3.68048766461556e-05,0
